[ -1.7599999940395357,  -0.7499999724328519   ], 
[ -0.2599999716877939,  -1.8499999888241292   ], 
[ 2.240000065565109,    -1.4999999836087228   ], 
[ 3.5900000856816767,   -1.3499999813735486   ], 
[ 1.7400000581145285,   -0.049999962002039045 ], 
[ 0.9400000461935996,   -0.3499999664723874   ], 
[ 0.9400000461935996,   2.0000000685453414    ], 
[ 2.4400000685453413,   2.0000000685453414    ], 
[ 2.3400000670552252,   2.3000000730156898    ], 
[ 1.4400000536441802,   3.450000090152025     ], 
[ -1.6599999925494195,  3.1500000856816768    ], 
[ -1.5099999903142454,  4.750000109523535     ], 
[ -1.5599999910593034,  1.2000000566244124    ], 
[ -0.20999997094273581, -0.049999962002039045 ], 
